50.000000 40 16 14
40.000000 24 18 14
45.000000 27 22 14
50.000000 30 26 14
58.000000 40 28 14
55.000000 33 30 14
60.000000 36 34 14
65.000000 39 38 14
34.000000 16 15 15
50.000000 40 15 15
40.000000 24 17 15
45.000000 27 21 15
50.000000 30 25 15
58.000000 40 27 15
55.000000 33 29 15
60.000000 36 33 15
65.000000 39 37 15
40.000000 24 16 16
45.000000 27 20 16
50.000000 30 24 16
58.000000 40 26 16
55.000000 33 28 16
60.000000 36 32 16
65.000000 39 36 16
45.000000 27 19 17
50.000000 30 23 17
58.000000 40 25 17
55.000000 33 27 17
53.000000 28 28 17
60.000000 36 31 17
65.000000 39 35 17
45.000000 27 18 18
50.000000 30 22 18
58.000000 40 24 18
55.000000 33 26 18
53.000000 28 27 18
60.000000 36 30 18
65.000000 39 34 18
50.000000 30 21 19
58.000000 40 23 19
55.000000 33 25 19
53.000000 28 26 19
60.000000 36 29 19
65.000000 39 33 19
50.000000 30 20 20
58.000000 40 22 20
55.000000 33 24 20
53.000000 28 25 20
60.000000 36 28 20
65.000000 39 32 20
58.000000 40 21 21
55.000000 33 23 21
51.000000 24 24 21
53.000000 28 24 21
60.000000 36 27 21
65.000000 39 31 21
55.000000 33 22 22
51.000000 24 23 22
53.000000 28 23 22
60.000000 36 26 22
65.000000 39 30 22
60.000000 36 25 23
65.000000 39 29 23
65.000000 33 33 23
60.000000 36 24 24
65.000000 39 28 24
65.000000 33 32 24
65.000000 39 27 25
65.000000 33 31 25
65.000000 39 26 26
65.000000 33 30 26
65.000000 33 29 27
65.000000 33 28 28
68.000000 32 32 28
68.000000 32 31 29
68.000000 32 30 30
85.000000 40 40 35
85.000000 40 39 36
85.000000 40 38 37
286