51.000000 24 21 24       51, 40, 30, 26, 25,35, 29, 5, 10,13,15,17, 20 ,34: 14 numbers
40.000000 24 8 24       15 doubles: 40-16, 34-15, 35-14, 30-12, 29-10, 25-10, 30-9, 20-8, 20-6, 15-6, 26-5, 17-4, 10-4, 10-3, 5-2
51.000000 24 22 23
40.000000 24 9 23
40.000000 24 10 22
40.000000 24 11 21
40.000000 24 12 20
40.000000 24 13 19
40.000000 24 14 18
40.000000 24 15 17
30.000000 24 1 17

40.000000 24 16 16

30.000000 24 2 16
30.000000 24 3 15
30.000000 24 4 14
30.000000 24 5 13
30.000000 24 6 12
30.000000 24 7 11
30.000000 24 8 10

30.000000 24 9 9

26.000000 24 1 9
26.000000 24 2 8
26.000000 24 3 7
26.000000 24 4 6
25.000000 24 1 6

26.000000 24 5 5

25.000000 24 2 5
25.000000 24 3 4
35.000000 21 7 21
35.000000 21 8 20
35.000000 21 9 19
29.000000 21 1 19
35.000000 21 10 18
29.000000 21 2 18
35.000000 21 11 17
29.000000 21 3 17
35.000000 21 12 16
29.000000 21 4 16
35.000000 21 13 15
29.000000 21 5 15

35.000000 21 14 14

29.000000 21 6 14
29.000000 21 7 13
29.000000 21 8 12
29.000000 21 9 11

29.000000 21 10 10

29.000000 20 1 20
29.000000 20 2 19
29.000000 20 3 18
29.000000 20 4 17
29.000000 20 5 16
29.000000 20 6 15
29.000000 20 7 14
25.000000 20 1 14
29.000000 20 8 13
25.000000 20 2 13
29.000000 20 9 12
25.000000 20 3 12
29.000000 20 10 11
25.000000 20 4 11
25.000000 20 5 10
25.000000 20 6 9
25.000000 20 7 8
30.000000 18 6 18
30.000000 18 7 17
30.000000 18 8 16
30.000000 18 9 15
30.000000 18 10 14
30.000000 18 11 13

30.000000 18 12 12

34.000000 16 14 16

34.000000 16 15 15

20.000000 16 1 11
20.000000 16 2 10
20.000000 16 3 9
20.000000 16 4 8
20.000000 16 5 7

20.000000 16 6 6

25.000000 15 5 15
25.000000 15 6 14
25.000000 15 7 13
25.000000 15 8 12
25.000000 15 9 11

25.000000 15 10 10

17.000000 15 1 7
17.000000 15 2 6
17.000000 15 3 5

17.000000 15 4 4

20.000000 12 4 12
20.000000 12 5 11
20.000000 12 6 10
20.000000 12 7 9

20.000000 12 8 8

15.000000 12 1 8
15.000000 12 2 7
15.000000 12 3 6
15.000000 12 4 5
13.000000 12 1 4
13.000000 12 2 3
15.000000 9 3 9
15.000000 9 4 8
15.000000 9 5 7

15.000000 9 6 6

17.000000 8 7 8
10.000000 8 1 5
10.000000 8 2 4

10.000000 8 3 3

10.000000 6 2 6
10.000000 6 3 5

10.000000 6 4 4

5.000000 4 1 2
5.000000 3 1 3

5.000000 3 2 2