1 1
2 2
3 3
4 5
5 7
6 12
7 15
8 27
9 34
10 53
11 71
12 121
13 128
14 234
15 300
16 432
17 549
18 933
19 1042
20 1868
21 2089
22 3137
23 4431
24 7468
25 7262
26 12969
27 17470
28 25167
29 32357
30 55002
31 56987
32 108276
33 128639
34 189692
35 277213
36 436336
37 428879
38 835581
39 1126373
40 1583036
41 2035193
42 3492730
43 3775052
44 7191554
45 8755204
46 11887265
47 18266557
48 30141940
49 29573840
50 57524938
51 75727959
52 103655336
53 145414883
54 244644267
55 264216925
56 492662390
57 615005380
58 830877592
59 1309680914
60 2130606859
61 2035628559
62 4068590740
63 5562259637
64 7286402570
65 10624388095
66 17294439943
67 18566116054

